%YAML:1.0
---
distortion coefficients: !!opencv-matrix
   rows: 1
   cols: 5
   dt: d
   data: [ -6.4035444678126208e+00, -1.0495883225970148e+02,
       7.6393322970008587e-02, 1.1491046030017786e+00,
       7.0990575365542679e+02 ]
camera matrix: !!opencv-matrix
   rows: 3
   cols: 3
   dt: d
   data: [ 5.5079741393373058e+02, 0., 8.4969552235632065e+01, 0.,
       5.2220613214766684e+02, 8.6478634895187341e+01, 0., 0., 1. ]
