%YAML:1.0
---
distortion coefficients: !!opencv-matrix
   rows: 1
   cols: 5
   dt: d
   data: [ -6.8161647724483521e-01, 5.9638884177876172e-01,
       -1.2309108187746364e-02, -1.3555199476966635e-02,
       -2.8558708495588880e-01 ]
camera matrix: !!opencv-matrix
   rows: 3
   cols: 3
   dt: d
   data: [ 1.7370081471676733e+02, 0., 1.7404582742629677e+02, 0.,
       1.2961290586149491e+02, 9.3676328040981815e+01, 0., 0., 1. ]
