%YAML:1.0
---
max_h: 180
max_s: 49
max_v: 255
min_h: 70
min_s: 0
min_v: 235
