%YAML:1.0
---
max_h: 180
max_s: 241
max_v: 255
min_h: 88
min_s: 88
min_v: 145
